-9.758973387337253197e-03 -2.896688494148547122e-02 -1.064936848134165892e-01 -2.628228725879170891e-01 -4.447864216432810824e-01 -6.003314829636465788e-01 0.000000000000000000e+00 0.000000000000000000e+00 8.872351065130630599e-02 -5.937543289078827113e-01
5.540319084105207320e-03 2.818639481094420418e-02 1.106878249931450842e-01 2.950898590418656875e-01 3.626249104974131887e-01 -1.706780120998857564e-01 0.000000000000000000e+00 0.000000000000000000e+00 -7.774267230901767967e-01 -3.671850939221121268e-01
-1.014784286694758720e-04 -6.702967966351916669e-03 3.307837605822710678e-03 1.867895958568843717e-01 6.609148777885138770e-01 -7.323484846382706526e-02 0.000000000000000000e+00 0.000000000000000000e+00 5.917621592580509793e-01 -4.155712853062506484e-01
-2.908616902929764270e-02 -1.546451889049048900e-01 -5.212943996600565288e-01 -7.123767875151105766e-01 3.891266201648538869e-01 8.751026091104446847e-02 -6.938893903907228378e-18 0.000000000000000000e+00 -1.920046927563010264e-01 8.182144364098878353e-03
-6.189631372120556717e-03 -3.088781690489993126e-02 -5.280348449819086132e-02 7.944628412323315181e-02 2.356375936779776525e-01 -7.708936829943257019e-01 2.220446049250313081e-16 0.000000000000000000e+00 2.544768392001166973e-02 5.826302262519430508e-01
-6.082855357369914423e-02 -2.779659822162650062e-01 -7.710076910826128005e-01 5.423822145526076000e-01 -1.639880939030548823e-01 5.556250425258665859e-02 -5.551115123125782702e-17 0.000000000000000000e+00 6.178302067191519809e-03 -1.964726932517307789e-02
-1.427295392692420062e-01 -9.335179624981634339e-01 3.272603667517168247e-01 -3.110112363734740537e-02 -2.763146996966059366e-03 8.892519834014511737e-03 1.110223024625156540e-16 0.000000000000000000e+00 -1.348170024715864002e-03 -4.163570889611112325e-03
9.873793120831516612e-01 -1.572623657587229606e-01 -1.755255697672772341e-02 4.196857047174346045e-03 -3.925013088895257241e-03 -2.529562351201289361e-03 0.000000000000000000e+00 0.000000000000000000e+00 -1.081862813945635993e-05 -1.769742974744165087e-03
0.000000000000000000e+00 5.638431288930696490e-17 -5.221893399280518244e-17 4.255117173404594613e-18 -5.574114963912379240e-17 1.210089958342821372e-16 -8.949141176109967621e-02 9.959875939091838992e-01 -1.912824076444406260e-17 -7.872003472255928987e-17
-0.000000000000000000e+00 1.140665713051817066e-16 -9.287626133451175364e-17 3.965118338288636185e-17 -9.180832994806192736e-18 1.139287292079722534e-16 9.959875939091837882e-01 8.949141176109953744e-02 2.870704896527716156e-17 -1.104819891662732069e-16
