3.240299597648271888e-03 1.008719148410752720e-02 3.726621674533263373e-02 9.164625874149892604e-02 1.516670624105400100e-01 1.890866244495409965e-01 9.422387828288627531e-01 9.499786845025784410e-02 -3.398186494813076886e-02 1.826198400679145961e-01
-2.564291178898898743e-04 -9.389499172195676924e-03 -4.107430239054366689e-02 -1.079213317512785625e-01 -6.167428457415135429e-02 2.614236094977916425e-01 -1.499892513506919656e-01 6.619365679487709819e-01 5.582361556103815348e-01 3.770241868445308175e-01
6.278529713952601607e-04 -7.099767399834162190e-03 -3.513275171774094680e-02 -1.325034236904072682e-01 -2.444900924309484636e-01 4.309057545045822946e-01 -1.034889365963657104e-01 -5.553874363952990834e-01 -6.035466737806580856e-02 6.425688341575653828e-01
-6.663151665157668498e-03 -2.936911393176565993e-02 -8.290213357784485815e-02 -7.635266651115917014e-02 1.781707876329662044e-01 -6.202299373131568705e-02 1.192953557384099361e-01 -4.886436006728304138e-01 8.003711117962446497e-01 -2.391673385461758616e-01
-3.913892610084176299e-03 -5.531990015053724064e-02 -1.660670635589631128e-01 -8.695462184604752648e-03 8.777919530255269276e-01 3.584740717111687958e-01 -2.150843996672679725e-01 -7.642820291715130172e-03 -1.523913820930817287e-01 2.655732528393996150e-02
-3.296611750954741432e-02 -1.445108236138989144e-01 -4.937592464623134503e-01 -7.942882415642791294e-01 3.212909689550656062e-03 -2.553435802581278113e-01 1.317772943060513957e-01 5.535284117388142300e-02 -1.277345546944423649e-01 3.717360957896956308e-02
-7.061309185421982661e-04 -1.142667367145162698e-02 2.012847139522079901e-02 2.297722760367132133e-01 2.806835051814977056e-01 -7.139329927361743877e-01 -3.288120305319831849e-02 -4.784017775762387098e-02 5.859816868061937245e-02 5.927742644709712572e-01
-6.196533632151210447e-02 -2.799066303147791923e-01 -7.808008068190963602e-01 5.214184114587183672e-01 -1.797399021126142860e-01 5.348736891266449300e-02 6.116871864667750014e-03 1.304203116686488209e-02 2.699033830987507959e-04 -3.017616728560039430e-02
-1.422847144353222293e-01 -9.336485367148797954e-01 3.271067641956125760e-01 -3.039336339142675869e-02 -2.365176419785675055e-03 9.763162615662512867e-03 -6.237504941195570751e-04 2.543963628504494756e-03 -2.778673550759523658e-03 -4.169287873825949786e-03
-9.872980390773034021e-01 1.574026180009482356e-01 1.966477151884409719e-02 -1.193946115634985511e-03 6.989835650107859705e-03 4.096788004480808598e-03 -1.557478306931037171e-03 1.155597027138084709e-04 -4.857007595069438161e-04 3.248486112845939272e-03
