1.587394934768277324e-03 7.719007686538770230e-03 2.439843131371545459e-02 1.130596260210955523e-01 1.971708124067956536e-01 2.591291371178023328e-01 -4.504817171510096642e-04 -4.504817171510097184e-04 -4.522660415778808913e-04 -4.630410056826719713e-04 -3.631235052745369722e-04 -5.538783923937510081e-06 -5.538783923937293241e-06 -1.854084836913280632e-05 -1.395583956737848821e-04 -1.125554781774749068e-04 1.177349149181968202e-01 9.309529505960583151e-01
9.645068580229723340e-03 2.990187020963597231e-02 3.870102821970874962e-02 9.161169747901669325e-02 2.623647363517741526e-01 8.285413275186118698e-01 -1.253566923390516188e-03 -1.253566923390515321e-03 -1.298251525563368916e-03 -1.675681345567666108e-03 -1.746963183215641691e-03 -1.149136233578263106e-03 -1.149136233578263323e-03 -1.193810085634037198e-03 -1.489444862209831667e-03 -1.521010806437861308e-03 -4.162867366699888327e-01 -2.459521466855515426e-01
-1.974483619122917831e-03 -2.616959347564390762e-02 -1.794227083865613040e-02 7.168185913141783550e-02 5.954051257956480825e-01 1.051995903154099576e-01 -1.106316026185371563e-03 -1.106316026185391946e-03 -1.037791496891238372e-03 -5.752689374877665435e-04 2.357327682497568596e-04 -2.869774430349616903e-03 -2.869774430349620372e-03 -2.734051789050407407e-03 -1.694406911711178855e-03 -1.037371029337850982e-04 7.493938017102417248e-01 -2.581763209527324077e-01
-1.159366444475459605e-02 -4.929797983199143974e-02 -6.184572679386778071e-02 -6.827231625660226677e-02 7.298671139777235251e-01 -4.550390508689955427e-01 4.712001852157063396e-04 4.712001852156580926e-04 5.481603962158496362e-04 1.222653589579615792e-03 2.031322090894821953e-03 2.583067849307311634e-03 2.583067849307312067e-03 2.628991730536228526e-03 2.950193090648737908e-03 3.655187285032215124e-03 -4.970747936312502335e-01 4.528481968444175720e-02
8.324307692387785534e-03 7.169788796135131981e-02 3.134382996852562164e-01 9.282261338609191226e-01 -2.099559021993118932e-02 -1.630938398580215887e-01 1.145298796390859615e-03 1.145298796391029184e-03 9.713268359582630110e-04 -1.798376331101943627e-04 -2.267563799426697800e-03 -2.119395865086115202e-03 -2.119395865086120840e-03 -2.248010947385023234e-03 -3.190591567562696927e-03 -5.218811035128858439e-03 -6.124448432625967387e-02 -6.396326310422903449e-02
-9.292540767518241152e-02 -3.796374760396529768e-01 -8.586857012861597305e-01 3.222193331531763016e-01 -6.472272268068494927e-02 2.872148766662946384e-02 3.131767164402495668e-03 3.131767164402156529e-03 2.959120368571945513e-03 8.809669635709522573e-04 -1.588267117189895786e-03 1.331285502553452779e-02 1.331285502553451738e-02 1.285898509699587647e-02 9.295415341426487357e-03 5.526330660438246931e-03 -1.909278123155662421e-02 -5.186554855573594081e-03
-2.119803742958202564e-01 -8.809639585723215705e-01 3.965914960356153873e-01 -5.873970549579919653e-02 -2.028963718104284664e-02 2.825891172460615053e-02 2.119418494281963966e-02 2.119418494282018783e-02 2.141085950103533211e-02 2.216921255535915167e-02 2.705171020947559277e-02 5.819967190367877907e-02 5.819967190367882764e-02 5.685271916861429214e-02 4.926054853255883159e-02 4.470973044253302719e-02 -2.752315118871320743e-03 1.252347000757714213e-03
3.299897068192302052e-02 1.230033675771399770e-01 -2.904744849804363066e-02 5.987566107613058811e-03 3.552314555580245864e-03 1.856550228274661540e-03 2.507192667161510236e-01 2.507192667161540212e-01 2.466444636141139068e-01 2.106331517725115177e-01 2.101250659706223323e-01 4.169758329129938934e-01 4.169758329129940044e-01 4.068863672546086385e-01 3.287812600027716914e-01 2.939075897678011251e-01 5.842834193753965871e-03 -2.403012528844380991e-03
-2.217787107292138946e-02 6.618887318989804570e-03 6.104685778376301233e-03 -5.873179184856252774e-03 2.833130756937575663e-03 -1.298124981523329953e-03 5.522607873319006211e-02 5.522607873319073518e-02 2.509497496818693593e-02 -2.168554915912021541e-01 -5.805747579454029195e-01 2.963309778273440775e-01 2.963309778273444106e-01 2.502127811982002292e-01 -1.208771108165048874e-01 -5.964184222205483055e-01 1.757654916013794968e-03 -2.751829627937541281e-04
-9.674721804465701291e-01 2.307601571110118599e-01 -1.606765817617072586e-03 -8.209826726245886275e-03 3.555071841498502749e-03 3.756864625661410217e-03 4.111837861041904574e-02 4.111837861042434705e-02 3.817804033945826347e-02 2.813466220655913216e-02 4.418801549442668425e-02 -1.666002027400908733e-02 -1.666002027400919142e-02 -1.993115015832795656e-02 -4.020267846906314807e-02 -2.217431029238143420e-02 2.364025591130920756e-03 -1.241898297948657026e-03
8.482279870426019663e-02 -4.463268670075736660e-02 8.662971584007632397e-04 -2.756116907256154179e-03 5.327937395338128157e-04 1.188629601467018626e-03 4.272126825481394330e-01 4.272126825481463164e-01 4.219002415193538469e-01 3.769913292537966365e-01 9.956629921444966336e-02 -1.992694068165357102e-01 -1.992694068165374310e-01 -1.939228435820427587e-01 -1.757188202207123073e-01 -3.845016675381632831e-01 -1.844959779628656087e-03 1.092779195654657726e-03
-3.644716038269765757e-02 1.184618408628362179e-02 5.952183099383414906e-04 -2.962007402707751702e-04 1.994593995614957899e-04 2.895873478887100311e-04 -5.542710569348319877e-02 -5.542710569348413552e-02 -1.121113509733303454e-02 3.762899513855471056e-01 -4.994144911795266317e-01 -1.770157965883828177e-01 -1.770157965883818185e-01 -7.743478525630367870e-02 7.296059753433239425e-01 -1.616622623366310851e-02 3.852963756753380927e-04 -1.502363433682624150e-04
-4.116354101827909839e-03 -3.467131262271507062e-03 2.417908188648648215e-03 -7.609273383653257766e-04 -1.124211833616253894e-04 -1.771932828748060129e-04 2.991718980273750939e-01 2.991718980273831985e-01 2.023761554427939424e-01 -4.283598403360878160e-01 -4.838450638561307415e-01 -1.118188057038372457e-01 -1.118188057038395633e-01 -1.013048140518073292e-01 -1.144472175698414834e-01 5.603880713510389633e-01 -2.379337728462766811e-04 2.013443892214224554e-04
-1.426582654337177727e-04 9.350676421913217240e-05 -2.140897083064087134e-04 -5.196362780910370518e-05 1.106340378741485042e-04 -4.732495841654698167e-05 1.541954144880044175e-01 1.541954144880206545e-01 1.386303328709211427e-02 -6.505232650543294470e-01 3.499757610158205079e-01 -1.227930183069153858e-01 -1.227930183069174119e-01 -4.905414488092746210e-04 5.322977674490839695e-01 -3.051136117639871581e-01 9.100635584255100137e-06 1.032907778451538293e-05
1.212903840375439794e-03 -3.487654650299163881e-04 -3.821419573419303792e-05 2.115172370169119982e-05 -1.384414256333803186e-05 1.573235782430064400e-05 3.548946274789924193e-01 3.548946274789898103e-01 -8.297727929319048679e-01 1.300445252668363805e-01 -9.016754822402420558e-03 -6.863087891733687940e-02 -6.863087891734086232e-02 1.759234363838894644e-01 -4.647378553971669157e-02 7.278732671009489723e-03 8.619736200747018530e-06 -5.165062458666475889e-06
-1.043122337505341659e-03 1.076599597645511120e-04 1.022182487147890826e-04 1.336968737506525343e-06 -1.093176264124970997e-05 1.420925478556460701e-05 -8.439542510839675993e-02 -8.439542510840596090e-02 1.697383649954646023e-01 4.223952531794415363e-03 -9.074051410833590750e-03 -3.621073583816022401e-01 -3.621073583816024621e-01 8.265634700065332963e-01 -1.064775954683371967e-01 7.368507759974507638e-03 1.953700112106350082e-06 -7.414894869212294262e-06
3.225786361958887338e-15 -4.623429433464485131e-17 -6.147211492552551034e-16 -1.702127103361667654e-17 -3.214584028183310556e-17 1.564446465831562593e-17 -7.071057741789515960e-01 7.071057741789381623e-01 -4.532018707975607066e-15 8.156453518986781922e-15 -2.500137829311988682e-15 -1.193366161198972748e-03 1.193366161197829999e-03 6.200897653571809014e-15 -5.440325285350056882e-15 1.930471151742651109e-15 5.101344216928802296e-17 2.981211890312836484e-18
-6.750245231167394388e-17 3.493372561893140016e-17 1.649577470377448052e-17 -3.959482729731891466e-18 -6.570095604157625640e-19 -5.711976143126344596e-19 -1.193366161200321712e-03 1.193366161195802107e-03 1.227143964849769856e-15 1.079541579790032341e-15 -1.070844598166553566e-16 7.071057741789459339e-01 -7.071057741789441575e-01 -2.190420235597263414e-16 4.096490747817883823e-16 -3.083059132468109911e-16 1.980712101593444071e-18 -1.028815035364149685e-18
